seed =   6.0604e-310
epochs =  50
trEr =  0.016920
tEr =  0.018965
