# Created by Octave 4.2.1, Sun Mar 25 22:46:57 2018 -03 <juanfra@juanfra-Swift>
# name: weights
# type: global cell
# rows: 2
# columns: 1
# name: <cell-element>
# type: matrix
# rows: 28
# columns: 3
 -0.7062159970052039 -0.1356835911949099 1.459890135397655
 1.495844094015867 0.08613181811778479 -0.05025087411419348
 1.137695988526709 -0.6974802640321558 1.438611637485017
 1.367471275924592 -0.1321533084630587 0.149761467774854
 1.524703323740813 -0.01391221913569686 0.08121457383747763
 1.389656970918278 0.005887631961415074 0.07927894645688074
 3.68174313833518 -1.931372081842939 0.4606907247100286
 2.689569229052558 1.718413919270002 0.1292364685167926
 1.383350054223324 -0.05682685382204349 0.1138164958182879
 1.268465692114893 -0.1814199888227315 0.1703506526746358
 1.600755423352279 1.151502247862481 1.397645182768902
 1.457486784722212 -0.02514184836384482 0.09985846035858004
 1.398670488209065 -0.3505796567560048 0.5002966303074501
 1.46372134410358 0.1832463887346755 -0.1065100417914554
 1.510167030253053 0.08331458416687458 -0.0560840123615259
 1.412898056052616 0.3763302887939587 0.5463451794461777
 1.412042680895286 0.05893752094910209 0.02384588446609177
 1.424370643214546 0.0648630070513051 0.01813993363196906
 2.23260701096913 -0.127828792176637 1.380259064471504
 1.348679374099428 -0.02310503041599302 0.09236108936120536
 1.357236954691455 0.003055158779181747 0.07450432848017416
 1.360492816039503 0.01466166279749265 0.06623929787285095
 3.350730276332884 0.9714199644139082 -1.328800407222799
 1.377557830295784 0.02016966041897249 0.06499260819863567
 1.093726604499337 1.522228898759394 -0.4776504576099811
 -1.102223746413111 0.993328959266524 1.167568025182437
 0.9488013479971573 1.274647561098547 0.7609885265169644
 1.320455462946634 -1.370678071921655 1.111008072386549


# name: <cell-element>
# type: matrix
# rows: 1
# columns: 29
 0.9692041573674145 -1.044849580271862 -0.01608566050380774 1.134835461159565 -0.20162749714191 -0.1963913488922449 -0.0796916599129779 -0.8580300396275911 -0.4941265847299184 -0.140205330172328 -0.2248682731355597 -0.4622970685746864 -0.1575576679403749 -0.4235808454691214 -0.1905017699023725 -0.01126362319110468 0.3071337840553322 -0.02339125122103863 -0.0190902057758011 -1.075559624589609 -0.1036384398651312 -0.08364868260719183 -0.06862167551012809 -1.285288275870148 -0.06412381079855234 1.15232145061216 1.484068401250956 -0.8738450554001771 0.8999045535264409





