# Created by Octave 4.2.1, Sun Mar 25 00:48:49 2018 -03 <seguido@segupc>
# name: weights
# type: global cell
# rows: 3
# columns: 1
# name: <cell-element>
# type: matrix
# rows: 10
# columns: 3
 -0.0492376704787505 0.6704295145664725 0.8883249676204688
 0.6342827905505433 0.469564303754931 0.7142638282018295
 1.181766963270795 0.2394036351901167 0.993057176616726
 1.442770183179595 1.227711467191096 -0.08215178509219027
 0.9712688361829838 0.270433177933745 0.8407789289141151
 -0.06672023574264972 0.628888006100496 0.7061403622149142
 0.9999608747693967 0.8289058420126801 -0.297013495892227
 1.02720247240045 1.09494003873433 0.3392441895338107
 1.711993164672778 -0.3162457496564152 1.109075272363667
 -0.3986108686213231 0.84457760164984 0.6122124686503708


# name: <cell-element>
# type: matrix
# rows: 15
# columns: 11
 0.6754231901774554 0.05493063732908785 0.3030193224131376 0.4937874485666829 1.100999038176341 0.6439228287440619 0.0505819184812189 0.1092226775830895 0.2220233415531809 0.538073420026854 -0.4596558297224281
 0.8688965845107437 1.205397427056888 1.004316499845895 0.7832798977795358 0.06470609829571598 0.6442272633061416 1.093605925470583 0.1466200117035567 0.4229825296114408 0.8951851178395255 0.9190638118827359
 0.4094111020263367 0.8519445106515414 0.8764370238625377 0.8310571328723159 1.020258425754557 0.2188647837058814 0.550554116435616 1.002445087350505 0.436631988847956 0.5538663088555488 0.4253778902022072
 0.2257246446013938 0.278164540191541 -0.0791056252792227 0.700128979649139 0.74655694171681 0.4234548448485058 0.1993573802796025 0.7636355142260662 -0.04184263060342888 0.9314614131313561 0.1229844483212751
 0.8585125220369018 0.1218790057489417 0.1782173186789536 0.6350270440791737 0.4106021189481643 0.6642385713578088 0.08862136911513657 0.1786050422585018 0.290465681671826 0.3322585426765592 0.5671759559088322
 1.236688530476183 0.1810344153273805 -0.06640256840194288 0.2820974698086433 0.4078857570528939 0.7328434664314331 -0.2658563960141841 0.3969584778269944 0.4835231066530619 0.7413415225328235 0.4802003396406567
 0.4470479235275046 0.8587935900140374 0.2475212391317363 0.5278012050053082 0.4694025184682797 0.8585942914006424 0.3708355042549257 0.4510946009363974 0.4151253060519986 0.7219557790150712 1.105045499166224
 1.174250578356565 0.3128937321502858 -0.02977147438297207 0.8445900325936755 0.2411651235663506 0.3337181036183547 0.7105815815323571 0.6402781874787763 0.2231542525262231 0.9256425496576313 0.2948462477682612
 0.7198294684488912 1.210916743695234 1.104174930893374 0.3691118435190959 0.8669335176098868 0.5259522343861033 1.05291498046285 0.2623230221860401 0.2051984496124675 0.09800501475668955 1.094113798853315
 0.8781612832580006 0.63278474466813 0.4593881232591752 0.8834303782023974 0.3819485493658579 0.8611376896831616 1.192829654572419 0.5967146415228584 1.138807674439615 -0.09492839896995371 1.459408110713353
 0.9740364255417661 -0.4538621648027651 0.6115605681888101 0.5328684050653156 1.108490720073529 0.2854113979181003 -0.1938306119093035 0.7515713091484596 0.5156044120358713 1.069677316560273 -0.5133936439425417
 1.346031102095788 0.308283257715481 0.6297964695657478 0.4637950924506931 0.2719137830955318 0.5790002199437027 -0.2126387618981106 0.1854342981117613 0.3623281787613443 0.9040977990894017 -0.03154273990748931
 0.6967644164072528 -0.018306722804046 0.735914085849118 0.601001581326759 0.1488519621044716 0.6900840750170891 0.477441565745321 0.3832645571728162 0.4276499434038796 0.2340572727163799 -0.0594129097381895
 0.5540698339697032 0.9737657638714308 1.071197543848726 0.968778562649123 0.1350446183013637 1.129929523842265 0.9986749358154945 0.1051391492004076 0.4338509609026022 0.7244690781848206 0.4596025380568916
 1.073559509068182 0.04924461980599544 -0.2046725223207371 0.1366223287205546 0.3008709872102266 0.5814352943947169 0.3893513580940281 0.996166146386363 0.2489022370655822 1.010167387470179 -0.09329952205521051


# name: <cell-element>
# type: matrix
# rows: 1
# columns: 16
 2.417757195437391 -1.16469807536604 1.168812111211265 0.5565119986150555 -0.6967509986807481 -0.5559424601916233 -0.9896719195184617 0.6301530787094706 -0.3596988376370129 1.114126383907547 1.287198687924426 -1.668373883657985 -0.928161783773917 -0.2311324268288062 1.084856430784236 -1.029998841826221





